*NODES
# ID  X  Y
1 0.0 0.0
2 6.0 0.0
3 12.0 0.0
4 18.0 0.0
5 24.0 0.0
6 0.0 4.0
7 6.0 4.0
8 12.0 4.0
9 18.0 4.0
10 24.0 4.0

*ELEMENTS
# ID  Node1  Node2  Area  YoungsModulus
1 1 2 1.5 200e9
2 2 3 1.5 200e9
3 3 4 1.5 200e9
4 4 5 1.5 200e9
5 6 7 1.5 200e9
6 7 8 1.5 200e9
7 8 9 1.5 200e9
8 9 10 1.5 200e9
9 1 6 1.5 200e9
10 2 7 1.5 200e9
11 3 8 1.5 200e9
12 4 9 1.5 200e9
13 5 10 1.5 200e9
14 1 7 1.5 200e9
15 2 8 1.5 200e9
16 8 4 1.5 200e9
17 9 5 1.5 200e9

*BOUNDARIES
# Node  DOF(1=X, 2=Y)  Value
1 1 0.0
1 2 0.0
5 1 0.0
5 2 0.0

*FORCES
# Node  DOF(1=X, 2=Y)  Value
6 2 -2000.0
7 2 -2000.0
8 2 -2000.0
9 2 -2000.0
10 2 -2000.0

*LOAD_STEPS
# N
100
